0.000000000000000000e+00 1.067354611983131862e+00
1.111111111111111049e-01 1.212778769041007898e+00
2.222222222222222099e-01 1.417728805301809780e+00
3.333333333333333148e-01 1.723252833776937498e+00
4.444444444444444198e-01 1.745692866709849467e+00
5.555555555555555802e-01 2.100372781207049400e+00
6.666666666666666297e-01 2.266151771192845832e+00
7.777777777777776791e-01 2.676368518134624175e+00
8.888888888888888395e-01 2.982562158392795482e+00
1.000000000000000000e+00 3.027880824566937079e+00
